mth  paid  int       prin      outstanding 
1    4000  2393.38   1606.62   465393.38 
2    4000  2385.14   1614.86   463778.52 
3    4000  2376.86   1623.14   462155.38 
4    4000  2368.55   1631.45   460523.93 
5    4000  2360.19   1639.81   458884.11 
6    4000  2351.78   1648.22   457235.89 
7    4000  2343.33   1656.67   455579.23 
8    4000  2334.84   1665.16   453914.07 
9    4000  2326.31   1673.69   452240.38 
10   4000  2317.73   1682.27   450558.11 
11   4000  2309.11   1690.89   448867.22 
12   4000  2300.44   1699.56   447167.67 
13   4000  2291.73   1708.27   445459.40 
14   4000  2282.98   1717.02   443742.38 
15   4000  2274.18   1725.82   442016.56 
16   4000  2265.33   1734.67   440281.90 
17   4000  2256.44   1743.56   438538.34 
18   4000  2247.51   1752.49   436785.85 
19   4000  2238.53   1761.47   435024.38 
20   4000  2229.50   1770.50   433253.88 
21   4000  2220.43   1779.57   431474.30 
22   4000  2211.31   1788.69   429685.61 
23   4000  2202.14   1797.86   427887.75 
24   4000  2192.92   1807.08   426080.67 
25   4000  2183.66   1816.34   424264.34 
26   4000  2174.35   1825.65   422438.69 
27   4000  2165.00   1835.00   420603.69 
28   4000  2155.59   1844.41   418759.28 
29   4000  2146.14   1853.86   416905.42 
30   4000  2136.64   1863.36   415042.06 
31   3000  2127.09   872.91    414169.15 
32   3000  2122.62   877.38    413291.77 
33   3000  2118.12   881.88    412409.89 
34   3000  2113.60   886.40    411523.49 
35   3000  2109.06   890.94    410632.55 
36   3000  2104.49   895.51    409737.04 
37   3000  2099.90   900.10    408836.94 
38   3000  2095.29   904.71    407932.23 
39   3000  2090.65   909.35    407022.89 
40   3000  2085.99   914.01    406108.88 
41   3000  2081.31   918.69    405190.19 
42   3000  2076.60   923.40    404266.79 
43   3000  2071.87   928.13    403338.65 
44   3000  2067.11   932.89    402405.76 
45   3000  2062.33   937.67    401468.09 
46   3000  2057.52   942.48    400525.62 
47   3000  2052.69   947.31    399578.31 
48   3000  2047.84   952.16    398626.15 
49   3000  2042.96   957.04    397669.11 
50   3000  2038.05   961.95    396707.16 
51   3000  2033.12   966.88    395740.29 
52   3000  2028.17   971.83    394768.46 
53   3000  2023.19   976.81    393791.65 
54   3000  2018.18   981.82    392809.83 
55   3000  2013.15   986.85    391822.98 
56   3000  2008.09   991.91    390831.07 
57   3000  2003.01   996.99    389834.08 
58   3000  1997.90   1002.10   388831.98 
59   3000  1992.76   1007.24   387824.74 
60   3000  1987.60   1012.40   386812.35 
61   3000  1982.41   1017.59   385794.76 
62   3000  1977.20   1022.80   384771.96 
63   3000  1971.96   1028.04   383743.91 
64   3000  1966.69   1033.31   382710.60 
65   3000  1961.39   1038.61   381671.99 
66   3000  1956.07   1043.93   380628.06 
67   3000  1950.72   1049.28   379578.78 
68   3000  1945.34   1054.66   378524.12 
69   3000  1939.94   1060.06   377464.06 
70   3000  1934.50   1065.50   376398.56 
71   3000  1929.04   1070.96   375327.60 
72   3000  1923.55   1076.45   374251.16 
73   3000  1918.04   1081.96   373169.19 
74   3000  1912.49   1087.51   372081.69 
75   3000  1906.92   1093.08   370988.61 
76   3000  1901.32   1098.68   369889.92 
77   3000  1895.69   1104.31   368785.61 
78   3000  1890.03   1109.97   367675.63 
79   3000  1884.34   1115.66   366559.97 
80   3000  1878.62   1121.38   365438.59 
81   3000  1872.87   1127.13   364311.46 
82   3000  1867.10   1132.90   363178.56 
83   3000  1861.29   1138.71   362039.85 
84   3000  1855.45   1144.55   360895.31 
85   3000  1849.59   1150.41   359744.89 
86   3000  1843.69   1156.31   358588.59 
87   3000  1837.77   1162.23   357426.35 
88   3000  1831.81   1168.19   356258.16 
89   3000  1825.82   1174.18   355083.99 
90   3000  1819.81   1180.19   353903.79 
91   3000  1813.76   1186.24   352717.55 
92   3000  1807.68   1192.32   351525.23 
93   3000  1801.57   1198.43   350326.79 
94   3000  1795.42   1204.58   349122.22 
95   3000  1789.25   1210.75   347911.47 
96   3000  1783.05   1216.95   346694.51 
97   3000  1776.81   1223.19   345471.32 
98   3000  1770.54   1229.46   344241.86 
99   3000  1764.24   1235.76   343006.10 
100  3000  1757.91   1242.09   341764.01 
101  3000  1751.54   1248.46   340515.55 
102  3000  1745.14   1254.86   339260.69 
103  3000  1738.71   1261.29   337999.40 
104  3000  1732.25   1267.75   336731.65 
105  3000  1725.75   1274.25   335457.40 
106  3000  1719.22   1280.78   334176.62 
107  3000  1712.66   1287.34   332889.28 
108  3000  1706.06   1293.94   331595.33 
109  3000  1699.43   1300.57   330294.76 
110  3000  1692.76   1307.24   328987.52 
111  3000  1686.06   1313.94   327673.58 
112  3000  1679.33   1320.67   326352.91 
113  3000  1672.56   1327.44   325025.47 
114  3000  1665.76   1334.24   323691.22 
115  3000  1658.92   1341.08   322350.14 
116  3000  1652.04   1347.96   321002.18 
117  3000  1645.14   1354.86   319647.32 
118  3000  1638.19   1361.81   318285.51 
119  3000  1631.21   1368.79   316916.73 
120  3000  1624.20   1375.80   315540.92 
121  3000  1617.15   1382.85   314158.07 
122  3000  1610.06   1389.94   312768.13 
123  3000  1602.94   1397.06   311371.07 
124  3000  1595.78   1404.22   309966.84 
125  3000  1588.58   1411.42   308555.42 
126  3000  1581.35   1418.65   307136.77 
127  3000  1574.08   1425.92   305710.85 
128  3000  1566.77   1433.23   304277.62 
129  3000  1559.42   1440.58   302837.04 
130  3000  1552.04   1447.96   301389.08 
131  3000  1544.62   1455.38   299933.70 
132  3000  1537.16   1462.84   298470.86 
133  3000  1529.66   1470.34   297000.52 
134  3000  1522.13   1477.87   295522.65 
135  3000  1514.55   1485.45   294037.20 
136  3000  1506.94   1493.06   292544.14 
137  3000  1499.29   1500.71   291043.43 
138  3000  1491.60   1508.40   289535.03 
139  3000  1483.87   1516.13   288018.90 
140  3000  1476.10   1523.90   286494.99 
141  3000  1468.29   1531.71   284963.28 
142  3000  1460.44   1539.56   283423.72 
143  3000  1452.55   1547.45   281876.26 
144  3000  1444.62   1555.38   280320.88 
145  3000  1436.64   1563.36   278757.52 
146  3000  1428.63   1571.37   277186.16 
147  3000  1420.58   1579.42   275606.73 
148  3000  1412.48   1587.52   274019.22 
149  3000  1404.35   1595.65   272423.57 
150  3000  1396.17   1603.83   270819.74 
151  3000  1387.95   1612.05   269207.69 
152  3000  1379.69   1620.31   267587.38 
153  3000  1371.39   1628.61   265958.76 
154  3000  1363.04   1636.96   264321.80 
155  3000  1354.65   1645.35   262676.45 
156  3000  1346.22   1653.78   261022.67 
157  3000  1337.74   1662.26   259360.41 
158  3000  1329.22   1670.78   257689.63 
159  3000  1320.66   1679.34   256010.29 
160  3000  1312.05   1687.95   254322.34 
161  3000  1303.40   1696.60   252625.75 
162  3000  1294.71   1705.29   250920.45 
163  3000  1285.97   1714.03   249206.42 
164  3000  1277.18   1722.82   247483.60 
165  3000  1268.35   1731.65   245751.96 
166  3000  1259.48   1740.52   244011.44 
167  3000  1250.56   1749.44   242261.99 
168  3000  1241.59   1758.41   240503.59 
169  3000  1232.58   1767.42   238736.17 
170  3000  1223.52   1776.48   236959.69 
171  3000  1214.42   1785.58   235174.11 
172  3000  1205.27   1794.73   233379.38 
173  3000  1196.07   1803.93   231575.45 
174  3000  1186.82   1813.18   229762.27 
175  3000  1177.53   1822.47   227939.80 
176  3000  1168.19   1831.81   226107.99 
177  3000  1158.80   1841.20   224266.80 
178  3000  1149.37   1850.63   222416.16 
179  3000  1139.88   1860.12   220556.05 
180  3000  1130.35   1869.65   218686.40 
181  3000  1120.77   1879.23   216807.16 
182  3000  1111.14   1888.86   214918.30 
183  3000  1101.46   1898.54   213019.76 
184  3000  1091.73   1908.27   211111.48 
185  3000  1081.95   1918.05   209193.43 
186  3000  1072.12   1927.88   207265.55 
187  3000  1062.24   1937.76   205327.78 
188  3000  1052.30   1947.70   203380.09 
189  3000  1042.32   1957.68   201422.41 
190  3000  1032.29   1967.71   199454.70 
191  3000  1022.21   1977.79   197476.91 
192  3000  1012.07   1987.93   195488.97 
193  3000  1001.88   1998.12   193490.86 
194  3000  991.64    2008.36   191482.50 
195  3000  981.35    2018.65   189463.84 
196  3000  971.00    2029.00   187434.85 
197  3000  960.60    2039.40   185395.45 
198  3000  950.15    2049.85   183345.60 
199  3000  939.65    2060.35   181285.25 
200  3000  929.09    2070.91   179214.33 
201  3000  918.47    2081.53   177132.81 
202  3000  907.81    2092.19   175040.61 
203  3000  897.08    2102.92   172937.70 
204  3000  886.31    2113.69   170824.00 
205  3000  875.47    2124.53   168699.48 
206  3000  864.58    2135.42   166564.06 
207  3000  853.64    2146.36   164417.70 
208  3000  842.64    2157.36   162260.34 
209  3000  831.58    2168.42   160091.93 
210  3000  820.47    2179.53   157912.40 
211  3000  809.30    2190.70   155721.70 
212  3000  798.07    2201.93   153519.77 
213  3000  786.79    2213.21   151306.56 
214  3000  775.45    2224.55   149082.01 
215  3000  764.05    2235.95   146846.05 
216  3000  752.59    2247.41   144598.64 
217  3000  741.07    2258.93   142339.71 
218  3000  729.49    2270.51   140069.20 
219  3000  717.85    2282.15   137787.05 
220  3000  706.16    2293.84   135493.21 
221  3000  694.40    2305.60   133187.61 
222  3000  682.59    2317.41   130870.20 
223  3000  670.71    2329.29   128540.91 
224  3000  658.77    2341.23   126199.68 
225  3000  646.77    2353.23   123846.45 
226  3000  634.71    2365.29   121481.17 
227  3000  622.59    2377.41   119103.76 
228  3000  610.41    2389.59   116714.17 
229  3000  598.16    2401.84   114312.33 
230  3000  585.85    2414.15   111898.18 
231  3000  573.48    2426.52   109471.65 
232  3000  561.04    2438.96   107032.70 
233  3000  548.54    2451.46   104581.24 
234  3000  535.98    2464.02   102117.22 
235  3000  523.35    2476.65   99640.57  
236  3000  510.66    2489.34   97151.23  
237  3000  497.90    2502.10   94649.13  
238  3000  485.08    2514.92   92134.20  
239  3000  472.19    2527.81   89606.39  
240  3000  459.23    2540.77   87065.62  
241  3000  446.21    2553.79   84511.84  
242  3000  433.12    2566.88   81944.96  
243  3000  419.97    2580.03   79364.93  
244  3000  406.75    2593.25   76771.67  
245  3000  393.45    2606.55   74165.13  
246  3000  380.10    2619.90   71545.22  
247  3000  366.67    2633.33   68911.89  
248  3000  353.17    2646.83   66265.07  
249  3000  339.61    2660.39   63604.67  
250  3000  325.97    2674.03   60930.65  
251  3000  312.27    2687.73   58242.92  
252  3000  298.49    2701.51   55541.41  
253  3000  284.65    2715.35   52826.06  
254  3000  270.73    2729.27   50096.80  
255  3000  256.75    2743.25   47353.54  
256  3000  242.69    2757.31   44596.23  
257  3000  228.56    2771.44   41824.78  
258  3000  214.35    2785.65   39039.14  
259  3000  200.08    2799.92   36239.21  
260  3000  185.73    2814.27   33424.94  
261  3000  171.30    2828.70   30596.24  
262  3000  156.81    2843.19   27753.05  
263  3000  142.23    2857.77   24895.28  
264  3000  127.59    2872.41   22022.87  
265  3000  112.87    2887.13   19135.74  
266  3000  98.07     2901.93   16233.81  
267  3000  83.20     2916.80   13317.01  
268  3000  68.25     2931.75   10385.26  
269  3000  53.22     2946.78   7438.48   
270  3000  38.12     2961.88   4476.60   
271  3000  22.94     2977.06   1499.54   
272  3000  7.69      2992.31   -1492.77  
